# Parameters for CFA in order red, green, blue
# -35.0077	-44.1774	22.9231	20.9813	4.04281	-7.25622
# 25.6259	-16.6805	-39.6175	2.0237	16.2731	-4.55676
# 37.3915	32.2064	-50	-49.0131	25.8976	-3.4397
# Lambda	Red	Green	Blue
380	0.00468151	0.0116219	0.0198783
381	0.00469456	0.0118249	0.0205979
382	0.00470801	0.0120333	0.0213488
383	0.00472186	0.0122472	0.0221328
384	0.00473612	0.012467	0.0229512
385	0.00475079	0.0126927	0.0238058
386	0.00476588	0.0129245	0.0246982
387	0.00478141	0.0131627	0.0256303
388	0.00479738	0.0134074	0.026604
389	0.0048138	0.0136589	0.0276212
390	0.00483067	0.0139174	0.0286838
391	0.00484801	0.0141831	0.0297941
392	0.00486583	0.0144562	0.0309543
393	0.00488413	0.0147371	0.0321665
394	0.00490292	0.0150259	0.0334333
395	0.00492222	0.0153229	0.034757
396	0.00494203	0.0156285	0.0361401
397	0.00496236	0.0159428	0.0375853
398	0.00498322	0.0162663	0.0390953
399	0.00500463	0.0165991	0.0406728
400	0.0050266	0.0169417	0.0423207
401	0.00504913	0.0172944	0.0440417
402	0.00507224	0.0176574	0.045839
403	0.00509594	0.0180313	0.0477154
404	0.00512024	0.0184163	0.049674
405	0.00514515	0.0188128	0.0517178
406	0.00517069	0.0192213	0.0538498
407	0.00519688	0.0196422	0.0560731
408	0.00522371	0.0200759	0.0583906
409	0.00525121	0.0205228	0.0608052
410	0.0052794	0.0209835	0.0633199
411	0.00530828	0.0214584	0.0659374
412	0.00533787	0.021948	0.0686602
413	0.00536819	0.0224528	0.0714908
414	0.00539925	0.0229735	0.0744313
415	0.00543107	0.0235106	0.0774839
416	0.00546367	0.0240646	0.0806502
417	0.00549706	0.0246362	0.0839314
418	0.00553126	0.025226	0.0873287
419	0.00556629	0.0258347	0.0908426
420	0.00560217	0.026463	0.0944732
421	0.00563891	0.0271115	0.09822
422	0.00567655	0.027781	0.102082
423	0.00571509	0.0284723	0.106058
424	0.00575456	0.0291862	0.110145
425	0.00579499	0.0299235	0.114341
426	0.00583638	0.030685	0.118641
427	0.00587878	0.0314717	0.123042
428	0.0059222	0.0322844	0.127538
429	0.00596666	0.0331241	0.132123
430	0.0060122	0.0339918	0.136791
431	0.00605883	0.0348884	0.141532
432	0.00610659	0.0358151	0.14634
433	0.00615551	0.0367729	0.151204
434	0.00620561	0.037763	0.156114
435	0.00625692	0.0387865	0.161059
436	0.00630947	0.0398445	0.166028
437	0.0063633	0.0409384	0.171009
438	0.00641843	0.0420694	0.175987
439	0.00647491	0.0432387	0.18095
440	0.00653277	0.0444478	0.185884
441	0.00659204	0.045698	0.190774
442	0.00665276	0.0469908	0.195606
443	0.00671497	0.0483275	0.200365
444	0.00677871	0.0497097	0.205036
445	0.00684402	0.0511389	0.209604
446	0.00691094	0.0526166	0.214054
447	0.00697953	0.0541444	0.218372
448	0.00704982	0.055724	0.222543
449	0.00712186	0.057357	0.226553
450	0.0071957	0.059045	0.230389
451	0.00727139	0.0607897	0.234038
452	0.00734899	0.0625928	0.237486
453	0.00742855	0.0644561	0.240723
454	0.00751012	0.0663812	0.243738
455	0.00759377	0.0683698	0.246519
456	0.00767955	0.0704238	0.249058
457	0.00776753	0.0725447	0.251345
458	0.00785776	0.0747343	0.253373
459	0.00795033	0.0769942	0.255134
460	0.0080453	0.0793261	0.256624
461	0.00814274	0.0817315	0.257836
462	0.00824273	0.084212	0.258766
463	0.00834534	0.086769	0.259412
464	0.00845066	0.0894039	0.25977
465	0.00855877	0.092118	0.259839
466	0.00866975	0.0949125	0.25962
467	0.0087837	0.0977884	0.259112
468	0.00890071	0.100747	0.258316
469	0.00902089	0.103788	0.257237
470	0.00914432	0.106914	0.255876
471	0.00927111	0.110123	0.254238
472	0.00940138	0.113417	0.252329
473	0.00953524	0.116796	0.250155
474	0.00967281	0.120259	0.247723
475	0.0098142	0.123806	0.245041
476	0.00995955	0.127436	0.242118
477	0.010109	0.131148	0.238964
478	0.0102627	0.134941	0.23559
479	0.0104207	0.138814	0.232007
480	0.0105833	0.142764	0.228227
481	0.0107505	0.146789	0.224263
482	0.0109226	0.150886	0.220128
483	0.0110996	0.155053	0.215837
484	0.0112819	0.159287	0.211403
485	0.0114695	0.163583	0.206842
486	0.0116627	0.167937	0.202169
487	0.0118617	0.172345	0.197398
488	0.0120666	0.176803	0.192545
489	0.0122777	0.181305	0.187625
490	0.0124951	0.185844	0.182653
491	0.0127193	0.190417	0.177645
492	0.0129503	0.195016	0.172614
493	0.0131884	0.199634	0.167575
494	0.013434	0.204265	0.162542
495	0.0136872	0.208902	0.157527
496	0.0139485	0.213538	0.152543
497	0.014218	0.218164	0.147602
498	0.014496	0.222773	0.142714
499	0.014783	0.227356	0.13789
500	0.0150793	0.231907	0.133139
501	0.0153852	0.236415	0.128469
502	0.0157012	0.240874	0.123888
503	0.0160275	0.245275	0.119402
504	0.0163646	0.249608	0.115017
505	0.016713	0.253867	0.110738
506	0.017073	0.258042	0.10657
507	0.0174452	0.262126	0.102515
508	0.0178301	0.26611	0.0985757
509	0.0182281	0.269986	0.0947547
510	0.0186398	0.273746	0.0910529
511	0.0190657	0.277383	0.0874708
512	0.0195066	0.280889	0.0840085
513	0.0199628	0.284257	0.0806657
514	0.0204352	0.28748	0.0774412
515	0.0209243	0.290552	0.0743339
516	0.0214308	0.293465	0.0713421
517	0.0219556	0.296214	0.0684637
518	0.0224993	0.298793	0.0656965
519	0.0230628	0.301196	0.063038
520	0.0236469	0.303418	0.0604855
521	0.0242524	0.305454	0.0580362
522	0.0248803	0.307301	0.0556872
523	0.0255315	0.308952	0.0534353
524	0.0262071	0.310406	0.0512775
525	0.026908	0.311657	0.0492107
526	0.0276354	0.312703	0.0472316
527	0.0283903	0.313541	0.0453371
528	0.0291741	0.314168	0.0435241
529	0.0299878	0.314583	0.0417894
530	0.0308328	0.314784	0.04013
531	0.0317104	0.314768	0.0385429
532	0.032622	0.314536	0.037025
533	0.033569	0.314086	0.0355736
534	0.034553	0.313418	0.0341858
535	0.0355755	0.312532	0.0328589
536	0.0366382	0.31143	0.0315903
537	0.0377426	0.310111	0.0303774
538	0.0388907	0.308577	0.0292177
539	0.0400841	0.30683	0.0281089
540	0.0413247	0.304871	0.0270487
541	0.0426144	0.302705	0.0260349
542	0.0439553	0.300333	0.0250653
543	0.0453493	0.29776	0.024138
544	0.0467985	0.294988	0.023251
545	0.048305	0.292024	0.0224025
546	0.0498711	0.288872	0.0215906
547	0.051499	0.285537	0.0208137
548	0.0531908	0.282025	0.0200702
549	0.0549489	0.278343	0.0193585
550	0.0567755	0.274497	0.0186771
551	0.058673	0.270496	0.0180246
552	0.0606436	0.266346	0.0173998
553	0.0626897	0.262056	0.0168012
554	0.0648133	0.257635	0.0162277
555	0.0670169	0.253092	0.0156781
556	0.0693024	0.248436	0.0151514
557	0.0716718	0.243677	0.0146464
558	0.0741272	0.238824	0.0141621
559	0.0766703	0.233888	0.0136977
560	0.0793027	0.22888	0.0132521
561	0.0820258	0.223809	0.0128246
562	0.0848408	0.218686	0.0124143
563	0.0877485	0.213523	0.0120204
564	0.0907498	0.208329	0.0116422
565	0.0938447	0.203116	0.011279
566	0.0970332	0.197892	0.0109301
567	0.100315	0.192669	0.0105948
568	0.103689	0.187457	0.0102726
569	0.107153	0.182265	0.0099629
570	0.110706	0.177101	0.00966509
571	0.114345	0.171976	0.00937867
572	0.118066	0.166898	0.00910315
573	0.121866	0.161874	0.00883805
574	0.12574	0.156912	0.00858291
575	0.129683	0.152019	0.00833731
576	0.133688	0.147201	0.00810084
577	0.137749	0.142464	0.0078731
578	0.141858	0.137813	0.00765372
579	0.146005	0.133254	0.00744234
580	0.150183	0.128789	0.00723863
581	0.15438	0.124424	0.00704227
582	0.158586	0.12016	0.00685295
583	0.162789	0.116	0.00667037
584	0.166976	0.111947	0.00649427
585	0.171135	0.108002	0.00632436
586	0.175251	0.104166	0.0061604
587	0.17931	0.100439	0.00600214
588	0.183297	0.0968227	0.00584936
589	0.187198	0.0933158	0.00570184
590	0.190995	0.0899181	0.00555935
591	0.194675	0.0866289	0.00542171
592	0.19822	0.0834471	0.00528872
593	0.201615	0.0803713	0.0051602
594	0.204843	0.0774	0.00503597
595	0.207889	0.0745314	0.00491587
596	0.210738	0.0717635	0.00479973
597	0.213375	0.0690943	0.0046874
598	0.215784	0.0665215	0.00457874
599	0.217951	0.0640428	0.00447361
600	0.219864	0.0616558	0.00437188
601	0.22151	0.059358	0.00427341
602	0.222877	0.0571468	0.00417808
603	0.223954	0.0550198	0.00408578
604	0.224733	0.0529742	0.0039964
605	0.225204	0.0510076	0.00390982
606	0.22536	0.0491173	0.00382595
607	0.225195	0.0473008	0.00374469
608	0.224706	0.0455556	0.00366594
609	0.223889	0.043879	0.00358961
610	0.222743	0.0422687	0.00351562
611	0.221267	0.0407222	0.00344388
612	0.219465	0.0392372	0.00337432
613	0.217339	0.0378113	0.00330686
614	0.214896	0.0364423	0.00324142
615	0.212141	0.0351279	0.00317793
616	0.209085	0.0338661	0.00311634
617	0.205739	0.0326547	0.00305657
618	0.202114	0.0314917	0.00299855
619	0.198226	0.0303752	0.00294224
620	0.19409	0.0293033	0.00288758
621	0.189723	0.0282742	0.00283451
622	0.185146	0.0272861	0.00278297
623	0.180377	0.0263373	0.00273292
624	0.175439	0.0254262	0.00268431
625	0.170353	0.0245512	0.00263709
626	0.165143	0.0237109	0.00259122
627	0.159831	0.0229038	0.00254665
628	0.154442	0.0221284	0.00250334
629	0.149	0.0213835	0.00246126
630	0.143526	0.0206678	0.00242036
631	0.138044	0.01998	0.00238061
632	0.132576	0.019319	0.00234197
633	0.127142	0.0186836	0.00230441
634	0.121763	0.0180728	0.00226789
635	0.116457	0.0174856	0.00223239
636	0.111239	0.0169208	0.00219787
637	0.106126	0.0163777	0.00216431
638	0.101131	0.0158552	0.00213167
639	0.0962663	0.0153525	0.00209993
640	0.0915408	0.0148689	0.00206906
641	0.0869634	0.0144034	0.00203904
642	0.0825407	0.0139553	0.00200985
643	0.0782776	0.013524	0.00198145
644	0.0741778	0.0131086	0.00195384
645	0.0702433	0.0127086	0.00192697
646	0.0664751	0.0123234	0.00190085
647	0.0628728	0.0119522	0.00187544
648	0.059435	0.0115945	0.00185073
649	0.0561596	0.0112499	0.00182669
650	0.0530435	0.0109176	0.00180332
651	0.0500831	0.0105973	0.00178058
652	0.047274	0.0102885	0.00175848
653	0.0446116	0.00999063	0.00173698
654	0.042091	0.00970331	0.00171608
655	0.0397068	0.00942611	0.00169576
656	0.0374535	0.00915862	0.00167601
657	0.0353256	0.00890046	0.0016568
658	0.0333176	0.00865126	0.00163814
659	0.0314238	0.00841066	0.00162
660	0.0296386	0.00817832	0.00160238
661	0.0279566	0.00795392	0.00158526
662	0.0263725	0.00773714	0.00156863
663	0.0248811	0.0075277	0.00155248
664	0.0234773	0.0073253	0.0015368
665	0.0221563	0.00712967	0.00152158
666	0.0209135	0.00694056	0.00150682
667	0.0197443	0.00675771	0.00149249
668	0.0186445	0.00658088	0.0014786
669	0.0176101	0.00640985	0.00146513
670	0.0166371	0.0062444	0.00145207
671	0.0157219	0.00608432	0.00143943
672	0.014861	0.0059294	0.00142718
673	0.0140511	0.00577945	0.00141534
674	0.0132892	0.00563429	0.00140387
675	0.0125723	0.00549374	0.00139279
676	0.0118976	0.00535763	0.00138209
677	0.0112626	0.00522581	0.00137175
678	0.0106648	0.0050981	0.00136178
679	0.0101019	0.00497437	0.00135217
680	0.0095717	0.00485447	0.00134291
681	0.00907229	0.00473826	0.001334
682	0.00860172	0.00462561	0.00132544
683	0.00815821	0.00451639	0.00131721
684	0.0077401	0.00441048	0.00130933
685	0.00734582	0.00430777	0.00130178
686	0.00697392	0.00420813	0.00129456
687	0.00662301	0.00411148	0.00128768
688	0.00629183	0.00401769	0.00128111
689	0.00597917	0.00392667	0.00127488
690	0.00568391	0.00383833	0.00126896
691	0.00540498	0.00375257	0.00126337
692	0.00514141	0.00366931	0.00125809
693	0.00489228	0.00358846	0.00125313
694	0.00465671	0.00350994	0.00124849
695	0.0044339	0.00343367	0.00124417
696	0.0042231	0.00335957	0.00124017
697	0.00402358	0.00328758	0.00123648
698	0.00383469	0.00321762	0.00123311
699	0.00365581	0.00314962	0.00123006
700	0.00348635	0.00308353	0.00122733
701	0.00332575	0.00301927	0.00122492
702	0.00317352	0.00295679	0.00122284
703	0.00302917	0.00289604	0.00122108
704	0.00289225	0.00283695	0.00121965
705	0.00276233	0.00277947	0.00121855
706	0.00263902	0.00272355	0.00121779
707	0.00252194	0.00266915	0.00121736
708	0.00241075	0.0026162	0.00121728
709	0.00230511	0.00256468	0.00121754
710	0.00220473	0.00251452	0.00121816
711	0.0021093	0.0024657	0.00121914
712	0.00201856	0.00241816	0.00122048
713	0.00193225	0.00237188	0.0012222
714	0.00185013	0.0023268	0.00122429
715	0.00177197	0.0022829	0.00122677
716	0.00169756	0.00224013	0.00122965
717	0.0016267	0.00219847	0.00123293
718	0.0015592	0.00215788	0.00123663
719	0.00149488	0.00211832	0.00124075
720	0.00143358	0.00207977	0.00124531
721	0.00137514	0.0020422	0.00125033
722	0.0013194	0.00200558	0.0012558
723	0.00126623	0.00196987	0.00126176
724	0.0012155	0.00193506	0.0012682
725	0.00116708	0.00190111	0.00127516
726	0.00112086	0.00186801	0.00128265
727	0.00107671	0.00183572	0.00129068
728	0.00103454	0.00180423	0.00129928
729	0.000994257	0.00177351	0.00130847
730	0.000955753	0.00174353	0.00131827
731	0.000918946	0.00171429	0.0013287
732	0.000883752	0.00168575	0.00133981
733	0.000850091	0.0016579	0.0013516
734	0.000817888	0.00163071	0.00136412
735	0.000787074	0.00160418	0.0013774
736	0.000757581	0.00157828	0.00139147
737	0.000729345	0.00155299	0.00140638
738	0.000702306	0.0015283	0.00142216
739	0.000676408	0.00150419	0.00143885
740	0.000651596	0.00148064	0.00145652
741	0.00062782	0.00145765	0.0014752
742	0.000605031	0.00143519	0.00149496
743	0.000583183	0.00141325	0.00151586
744	0.000562233	0.00139182	0.00153796
745	0.000542139	0.00137088	0.00156133
746	0.000522861	0.00135042	0.00158606
747	0.000504364	0.00133043	0.00161222
748	0.000486611	0.0013109	0.00163991
749	0.000469569	0.00129181	0.00166923
750	0.000453205	0.00127315	0.00170029
751	0.00043749	0.00125491	0.00173321
752	0.000422395	0.00123709	0.00176811
753	0.000407892	0.00121966	0.00180514
754	0.000393956	0.00120263	0.00184447
755	0.000380561	0.00118597	0.00188625
756	0.000367683	0.00116969	0.00193068
757	0.000355301	0.00115377	0.00197798
758	0.000343394	0.0011382	0.00202838
759	0.000331939	0.00112297	0.00208212
760	0.000320919	0.00110808	0.00213951
761	0.000310315	0.00109351	0.00220086
762	0.00030011	0.00107927	0.00226653
763	0.000290285	0.00106534	0.00233692
764	0.000280826	0.00105171	0.00241247
765	0.000271717	0.00103838	0.0024937
766	0.000262944	0.00102534	0.00258117
767	0.000254493	0.00101258	0.00267553
768	0.00024635	0.0010001	0.00277752
769	0.000238504	0.000987886	0.00288797
770	0.000230941	0.000975939	0.00300785
771	0.00022365	0.000964249	0.00313825
772	0.000216621	0.000952811	0.00328045
773	0.000209843	0.00094162	0.00343592
774	0.000203305	0.000930669	0.00360638
775	0.000196999	0.000919954	0.00379384
776	0.000190914	0.000909469	0.00400066
777	0.000185043	0.000899209	0.00422962
778	0.000179377	0.000889169	0.00448407
779	0.000173908	0.000879345	0.00476797
780	0.000168628	0.000869731	0.00508612
